---------------------
  #    meV     cm^-1
---------------------
  0      2.10     16.91
  1      8.11     65.44
  2     11.67     94.15
  3     21.02    169.53
  4     28.67    231.28
  5     34.51    278.33
  6     37.67    303.80
  7     57.44    463.27
  8     96.87    781.32
  9    107.58    867.68
 10    125.53    1012.50
 11    132.43    1068.09
 12    138.27    1115.26
 13    154.57    1246.70
 14    163.97    1322.54
 15    166.86    1345.79
 16    175.72    1417.29
 17    176.38    1422.60
 18    179.78    1450.06
 19    363.35    2930.63
 20    365.84    2950.68
 21    369.57    2980.77
 22    372.93    3007.87
 23    376.75    3038.71
---------------------
Zero-point energy: 1.833807 eV
