---------------------
  #    meV     cm^-1
---------------------
  0      1.49     12.00
  1      1.49     12.00
  2      7.09     57.20
  3     12.14     97.92
  4     24.42    196.99
  5     33.70    271.84
  6     62.56    504.58
  7     80.98    653.11
  8     93.93    757.63
  9    112.58    907.99
 10    114.77    925.65
 11    140.11    1130.09
 12    158.86    1281.30
 13    167.39    1350.10
 14    193.16    1557.94
 15    366.69    2957.55
 16    375.47    3028.40
 17    391.54    3158.02
---------------------
Zero-point energy: 1.167706 eV
