---------------------
  #    meV     cm^-1
---------------------
  0      3.13     25.25
  1      6.68     53.89
  2     10.10     81.46
  3     18.56    149.70
  4     24.27    195.76
  5     26.05    210.11
  6     30.86    248.94
  7     39.83    321.23
  8     60.81    490.44
  9     84.82    684.15
 10     94.23    760.04
 11    103.95    838.39
 12    121.27    978.15
 13    134.95    1088.46
 14    143.25    1155.42
 15    153.52    1238.24
 16    165.79    1337.19
 17    203.24    1639.24
 18    382.10    3081.83
 19    388.14    3130.58
 20    449.86    3628.40
---------------------
Zero-point energy: 1.32272 eV
