---------------------
  #    meV     cm^-1
---------------------
  0      1.49     12.00
  1      1.49     12.00
  2      1.49     12.00
  3      1.49     12.00
  4      6.60     53.24
  5     10.31     83.14
  6     13.40    108.09
  7     39.13    315.59
  8     65.22    526.05
  9     95.72    772.05
 10    127.83    1031.05
 11    130.25    1050.54
 12    158.93    1281.83
 13    164.31    1325.27
 14    211.74    1707.80
 15    216.24    1744.07
 16    353.48    2851.01
 17    354.35    2858.01
---------------------
Zero-point energy: 0.97376 eV
