---------------------
  #    meV     cm^-1
---------------------
  0      1.49     12.00
  1      1.49     12.00
  2      1.49     12.00
  3      2.66     21.47
  4      7.35     59.31
  5     10.42     84.01
  6     26.22    211.45
  7     30.42    245.36
  8     41.27    332.87
  9     80.58    649.93
 10     90.87    732.89
 11    102.93    830.16
 12    125.74    1014.19
 13    136.14    1098.05
 14    146.04    1177.92
 15    160.23    1292.36
 16    164.36    1325.63
 17    166.81    1345.40
 18    170.59    1375.93
 19    210.28    1696.00
 20    352.89    2846.24
 21    354.79    2861.60
 22    369.13    2977.27
 23    418.30    3373.81
---------------------
Zero-point energy: 1.584017 eV
