---------------------
  #    meV     cm^-1
---------------------
  0      8.44     68.04
  1     11.02     88.88
  2     20.44    164.83
  3     23.79    191.91
  4     30.29    244.33
  5     32.54    262.43
  6     43.27    349.01
  7     61.60    496.87
  8     85.72    691.39
  9     97.43    785.85
 10    101.81    821.13
 11    121.91    983.24
 12    137.43    1108.43
 13    149.77    1207.99
 14    164.76    1328.90
 15    184.69    1489.66
 16    380.60    3069.72
 17    384.00    3097.14
---------------------
Zero-point energy: 1.019758 eV
