---------------------
  #    meV     cm^-1
---------------------
  0      1.49     12.00
  1      1.49     12.00
  2      3.09     24.90
  3      5.41     43.63
  4      6.20     50.00
  5      9.17     73.93
  6     27.63    222.85
  7     35.69    287.83
  8     50.55    407.73
  9     98.68    795.91
 10    108.52    875.29
 11    124.90    1007.40
 12    132.55    1069.05
 13    140.76    1135.30
 14    152.26    1228.04
 15    155.26    1252.22
 16    167.29    1349.27
 17    172.98    1395.15
 18    177.68    1433.10
 19    179.78    1450.04
 20    182.63    1473.04
 21    361.10    2912.50
 22    364.52    2940.08
 23    369.45    2979.82
 24    379.00    3056.84
 25    379.11    3057.71
 26    465.77    3756.67
---------------------
Zero-point energy: 2.12499 eV
