---------------------
  #    meV     cm^-1
---------------------
  0      1.49     12.00
  1      1.49     12.00
  2      3.77     30.38
  3     10.33     83.35
  4     14.28    115.15
  5     17.27    139.27
  6     19.76    159.41
  7     62.20    501.70
  8     86.37    696.59
  9    113.04    911.74
 10    131.74    1062.57
 11    135.37    1091.81
 12    161.99    1306.53
 13    168.94    1362.62
 14    170.41    1374.45
 15    173.99    1403.36
 16    206.46    1665.17
 17    354.68    2860.71
 18    358.18    2888.89
 19    370.42    2987.64
 20    380.36    3067.80
---------------------
Zero-point energy: 1.469785 eV
