---------------------
  #    meV     cm^-1
---------------------
  0      1.49     12.00
  1      1.49     12.00
  2      1.49     12.00
  3      1.49     12.00
  4      1.49     12.00
  5      1.49     12.00
  6      6.24     50.29
  7     15.62    125.95
  8     26.89    216.89
  9     28.41    229.16
 10     42.16    340.03
 11     44.90    362.15
 12     58.89    475.00
 13     72.97    588.55
 14    104.28    841.07
 15    138.57    1117.60
 16    194.91    1572.03
 17    339.06    2734.67
---------------------
Zero-point energy: 0.536444 eV
