---------------------
  #    meV     cm^-1
---------------------
  0      1.49     12.00
  1      1.49     12.00
  2      1.49     12.00
  3      2.18     17.61
  4      6.92     55.84
  5     11.79     95.09
  6     36.78    296.67
  7    124.51    1004.22
  8    130.78    1054.82
  9    140.27    1131.35
 10    164.75    1328.81
 11    176.51    1423.68
 12    178.94    1443.26
 13    180.52    1456.00
 14    363.03    2928.03
 15    369.73    2982.07
 16    378.18    3050.22
 17    465.38    3753.55
---------------------
Zero-point energy: 1.365147 eV
